1.000000 -0.000000 0.000000 -0.000000 -0.000000 1.000000 -0.000000 0.000000 0.000000 -0.000000 1.000000 -0.000000
0.992657 -0.008958 -0.120628 -0.902125 0.008271 0.999947 -0.006193 0.763253 0.120677 0.005150 0.992678 -1.698002
0.986768 -0.011069 -0.161763 -1.280264 0.010290 0.999931 -0.005651 0.938351 0.161814 0.003911 0.986813 -2.739238
0.979090 -0.008831 -0.203234 -1.524243 0.007610 0.999948 -0.006789 1.090856 0.203283 0.005101 0.979107 -3.704461
0.969761 -0.010300 -0.243838 -1.820514 0.008365 0.999925 -0.008972 1.347204 0.243912 0.006661 0.969774 -4.675663
0.957938 -0.006814 -0.286893 -1.674917 0.005522 0.999971 -0.005313 1.367828 0.286921 0.003505 0.957948 -5.740366
0.944275 -0.003622 -0.329138 -1.461594 0.003089 0.999993 -0.002141 1.391595 0.329144 0.001005 0.944279 -7.008148
0.930013 -0.003077 -0.367515 -1.552383 0.002168 0.999993 -0.002887 1.607582 0.367521 0.001889 0.930013 -7.978009
0.913661 -0.003971 -0.406458 -1.546727 0.001519 0.999979 -0.006354 1.850698 0.406474 0.005188 0.913647 -8.927223
0.894963 -0.005516 -0.446107 -1.425747 0.001466 0.999955 -0.009423 2.067716 0.446139 0.007779 0.894930 -9.868049
0.873097 -0.005933 -0.487510 -1.005134 0.000793 0.999942 -0.010748 2.190993 0.487546 0.008998 0.873051 -10.962520
0.850712 -0.005406 -0.525605 -0.720338 -0.001178 0.999925 -0.012192 2.471323 0.525631 0.010991 0.850642 -12.009405
0.825344 -0.003359 -0.564621 -0.176387 -0.002884 0.999944 -0.010164 2.471078 0.564624 0.010017 0.825288 -13.074571
0.798903 -0.004200 -0.601445 0.344616 -0.001794 0.999955 -0.009365 2.512341 0.601457 0.008560 0.798859 -14.236273
0.770701 -0.000662 -0.637196 0.914414 -0.006253 0.999943 -0.008602 2.721183 0.637166 0.010614 0.770654 -15.304112
0.737424 -0.001715 -0.675428 1.992146 -0.005987 0.999941 -0.009077 2.836286 0.675403 0.010737 0.737370 -16.376425
0.705016 -0.002079 -0.709189 2.731004 -0.004912 0.999957 -0.007813 2.886636 0.709175 0.008992 0.704976 -17.420986
