1.000000 -0.000000 0.000000 -0.000000 -0.000000 1.000000 -0.000000 0.000000 0.000000 -0.000000 1.000000 -0.000000
0.992657 -0.008958 -0.120628 -0.902125 0.008271 0.999947 -0.006193 0.763253 0.120677 0.005150 0.992678 -1.698002
0.986768 -0.011069 -0.161763 -1.280264 0.010290 0.999931 -0.005651 0.938351 0.161814 0.003911 0.986813 -2.739238
0.979090 -0.008831 -0.203234 -1.524243 0.007610 0.999948 -0.006789 1.090856 0.203283 0.005101 0.979107 -3.704461
0.969761 -0.010300 -0.243838 -1.820514 0.008365 0.999925 -0.008972 1.347204 0.243912 0.006661 0.969774 -4.675663
0.957938 -0.006814 -0.286893 -1.674917 0.005522 0.999971 -0.005313 1.367828 0.286921 0.003505 0.957948 -5.740366
0.944275 -0.003622 -0.329138 -1.461594 0.003089 0.999993 -0.002141 1.391595 0.329144 0.001005 0.944279 -7.008148
0.930013 -0.003077 -0.367515 -1.552383 0.002168 0.999993 -0.002887 1.607582 0.367521 0.001889 0.930013 -7.978009
0.913661 -0.003971 -0.406458 -1.546727 0.001519 0.999979 -0.006354 1.850698 0.406474 0.005188 0.913647 -8.927223
0.894963 -0.005516 -0.446107 -1.425747 0.001466 0.999955 -0.009423 2.067716 0.446139 0.007779 0.894930 -9.868049
0.873097 -0.005933 -0.487510 -1.005134 0.000793 0.999942 -0.010748 2.190993 0.487546 0.008998 0.873051 -10.962520
0.850712 -0.005406 -0.525605 -0.720338 -0.001178 0.999925 -0.012192 2.471323 0.525631 0.010991 0.850642 -12.009405
0.825344 -0.003359 -0.564621 -0.176387 -0.002884 0.999944 -0.010164 2.471078 0.564624 0.010017 0.825288 -13.074571
0.798903 -0.004200 -0.601445 0.344616 -0.001794 0.999955 -0.009365 2.512341 0.601457 0.008560 0.798859 -14.236273
0.770701 -0.000662 -0.637196 0.914414 -0.006253 0.999943 -0.008602 2.721183 0.637166 0.010614 0.770654 -15.304112
0.737424 -0.001715 -0.675428 1.992146 -0.005987 0.999941 -0.009077 2.836286 0.675403 0.010737 0.737370 -16.376425
0.705016 -0.002079 -0.709189 2.731004 -0.004912 0.999957 -0.007813 2.886636 0.709175 0.008992 0.704976 -17.420986
0.671151 0.000656 -0.741320 3.531392 -0.006502 0.999966 -0.005002 2.982702 0.741292 0.008177 0.671133 -18.512470
0.636704 -0.000806 -0.771108 4.293501 -0.004764 0.999976 -0.004978 3.018199 0.771094 0.006843 0.636685 -19.441676
0.599583 -0.000215 -0.800313 5.244139 -0.004261 0.999985 -0.003461 3.146497 0.800301 0.005486 0.599573 -20.359340
0.562610 0.003378 -0.826715 6.138504 -0.003541 0.999992 0.001676 3.131052 0.826715 0.001985 0.562618 -21.246690
0.525540 0.001068 -0.850768 6.949039 -0.001813 0.999998 0.000136 3.168069 0.850767 0.001471 0.525541 -21.815441
0.487781 0.005040 -0.872951 7.979382 -0.003758 0.999986 0.003674 3.207494 0.872958 0.001489 0.487793 -22.747474
0.451364 0.007434 -0.892309 8.953173 -0.005076 0.999971 0.005763 3.298504 0.892325 0.001928 0.451388 -23.612094
0.417283 0.007189 -0.908748 9.779201 -0.003228 0.999974 0.006428 3.335641 0.908771 0.000251 0.417296 -24.261668
0.384571 0.006652 -0.923072 10.622526 -0.003689 0.999977 0.005669 3.374614 0.923088 0.001225 0.384586 -25.014198
0.352112 0.005153 -0.935944 11.363733 -0.005804 0.999978 0.003322 3.616085 0.935940 0.004262 0.352134 -25.433567
0.320487 0.004596 -0.947242 12.100919 -0.005942 0.999978 0.002841 3.691689 0.947234 0.004718 0.320508 -26.104522
0.288958 0.001500 -0.957341 12.926761 -0.003101 0.999995 0.000631 3.750214 0.957337 0.002787 0.288961 -26.890159
0.258484 0.001823 -0.966014 13.784822 -0.001651 0.999998 0.001445 3.717872 0.966014 0.001222 0.258487 -27.736607
0.228735 0.003649 -0.973482 14.588463 -0.002006 0.999993 0.003277 3.784982 0.973487 0.001203 0.228741 -28.644987
0.199501 0.002683 -0.979894 15.231619 -0.003245 0.999993 0.002077 4.023297 0.979892 0.002766 0.199509 -29.057960
0.169274 0.000283 -0.985569 16.104200 -0.004194 0.999991 -0.000433 4.185107 0.985560 0.004206 0.169274 -29.796203
0.139330 -0.000775 -0.990246 17.062403 -0.004601 0.999988 -0.001430 4.289263 0.990235 0.004755 0.139324 -30.585204
0.112756 -0.000200 -0.993623 17.741466 -0.005096 0.999987 -0.000779 4.496737 0.993610 0.005151 0.112754 -31.660682
0.087811 0.004163 -0.996128 18.526957 -0.004610 0.999982 0.003773 4.360703 0.996126 0.004261 0.087829 -32.644116
0.064974 0.006865 -0.997863 19.267190 -0.004855 0.999967 0.006563 4.452643 0.997875 0.004419 0.065005 -33.705622
0.043835 0.010356 -0.998985 20.089032 -0.005844 0.999932 0.010110 4.520276 0.999022 0.005395 0.043892 -34.815583
0.027445 0.016033 -0.999495 20.536204 -0.007493 0.999847 0.015833 4.556717 0.999595 0.007055 0.027561 -35.908418
0.010877 0.018580 -0.999768 21.253127 -0.007537 0.999800 0.018499 4.546526 0.999912 0.007334 0.011015 -37.136971
-0.004127 0.017490 -0.999839 21.900210 -0.009164 0.999804 0.017527 4.849592 0.999949 0.009235 -0.003966 -39.086045
-0.017790 0.017325 -0.999692 22.454358 -0.010604 0.999790 0.017516 4.950267 0.999786 0.010913 -0.017603 -40.104790
-0.032152 0.011336 -0.999419 23.284670 -0.011652 0.999863 0.011716 5.458223 0.999415 0.012022 -0.032016 -42.199997
-0.043220 0.011766 -0.998996 23.732002 -0.008689 0.999888 0.012152 5.337194 0.999028 0.009205 -0.043113 -43.384014
-0.053397 0.011386 -0.998508 24.148838 -0.006800 0.999908 0.011766 5.446366 0.998550 0.007418 -0.053315 -44.664163
-0.063364 0.010961 -0.997930 24.655267 -0.004653 0.999926 0.011278 5.439340 0.997980 0.005358 -0.063308 -45.999375
-0.071004 0.017791 -0.997317 25.253891 -0.004016 0.999828 0.018122 5.468594 0.997468 0.005292 -0.070921 -47.390168
-0.076465 0.018439 -0.996902 25.483218 -0.003904 0.999816 0.018793 5.581476 0.997065 0.005329 -0.076378 -48.820975
-0.081472 0.017359 -0.996524 25.664673 -0.002993 0.999840 0.017662 5.660068 0.996671 0.004421 -0.081407 -50.287504
-0.085756 0.017208 -0.996168 25.879510 -0.001859 0.999846 0.017431 5.674579 0.996314 0.003347 -0.085711 -51.726316
-0.090756 0.016881 -0.995730 26.227224 -0.000940 0.999854 0.017037 5.629004 0.995873 0.002482 -0.090727 -53.085292
-0.093636 0.017580 -0.995451 26.405964 -0.002536 0.999837 0.017896 5.786568 0.995603 0.004200 -0.093576 -54.660510
-0.096335 0.018288 -0.995181 26.614342 -0.004547 0.999813 0.018813 5.932801 0.995339 0.006337 -0.096234 -56.309301
-0.098717 0.019272 -0.994929 26.780337 -0.006273 0.999781 0.019988 6.085945 0.995096 0.008215 -0.098574 -57.800618
-0.101340 0.022545 -0.994596 27.022112 -0.005835 0.999713 0.023256 6.033668 0.994835 0.008160 -0.101179 -59.325825
-0.103420 0.019291 -0.994451 27.247109 -0.006679 0.999776 0.020089 6.256737 0.994615 0.008720 -0.103268 -61.103990
-0.104520 0.020135 -0.994319 27.358131 -0.006281 0.999762 0.020906 6.338268 0.994503 0.008431 -0.104369 -62.707402
-0.105423 0.017078 -0.994281 27.499434 -0.006604 0.999818 0.017874 6.597416 0.994406 0.008450 -0.105291 -64.518457
-0.105073 0.015302 -0.994347 27.460595 -0.006143 0.999853 0.016036 6.645497 0.994446 0.007793 -0.104963 -65.855547
-0.104026 0.015932 -0.994447 27.412375 -0.007023 0.999835 0.016753 6.770252 0.994550 0.008726 -0.103897 -67.473936
-0.103001 0.016769 -0.994540 27.431616 -0.009271 0.999798 0.017817 7.103869 0.994638 0.011056 -0.102825 -69.249782
-0.102588 0.021856 -0.994484 27.608468 -0.009666 0.999689 0.022967 7.262990 0.994677 0.011969 -0.102345 -70.856405
-0.101387 0.021947 -0.994605 27.510469 -0.009376 0.999691 0.023015 7.288771 0.994803 0.011659 -0.101150 -72.522170
-0.100845 0.024473 -0.994601 27.541010 -0.009254 0.999631 0.025535 7.296854 0.994859 0.011779 -0.100582 -74.200373
-0.100422 0.026452 -0.994593 27.587859 -0.010725 0.999560 0.027667 7.517400 0.994887 0.013445 -0.100094 -75.677513
-0.099626 0.028779 -0.994609 27.538970 -0.012919 0.999460 0.030213 7.701990 0.994941 0.015860 -0.099201 -77.348875
-0.099706 0.034081 -0.994433 27.716176 -0.016348 0.999222 0.035884 8.096856 0.994883 0.019834 -0.099071 -79.004504
-0.099009 0.039016 -0.994321 27.760772 -0.016765 0.999024 0.040870 8.257276 0.994945 0.020716 -0.098258 -80.669858
-0.098469 0.042093 -0.994249 27.737791 -0.015872 0.998912 0.043862 8.291770 0.995014 0.020100 -0.097694 -82.716063
-0.098135 0.042146 -0.994280 27.767452 -0.016885 0.998888 0.044008 8.468924 0.995030 0.021107 -0.097314 -84.446133
-0.098392 0.044148 -0.994168 27.810729 -0.020702 0.998708 0.046398 9.154688 0.994932 0.025146 -0.097351 -85.521150
-0.098659 0.044435 -0.994129 27.879581 -0.022758 0.998641 0.046895 9.399100 0.994861 0.027251 -0.097514 -86.884758
-0.101428 0.042767 -0.993923 28.437242 -0.025403 0.998638 0.045562 10.083628 0.994519 0.029870 -0.100203 -88.841418
-0.101735 0.045609 -0.993765 28.597540 -0.025280 0.998507 0.048415 10.007360 0.994490 0.030048 -0.100430 -90.726990
-0.104133 0.044251 -0.993578 29.170105 -0.027473 0.998501 0.047350 10.761130 0.994184 0.032227 -0.102762 -93.016412
-0.105479 0.046003 -0.993357 29.415873 -0.027272 0.998420 0.049134 10.758971 0.994047 0.032273 -0.104058 -94.608503
-0.107425 0.046388 -0.993130 29.709518 -0.027156 0.998401 0.049572 10.805175 0.993842 0.032295 -0.105994 -96.388812
-0.108892 0.047216 -0.992932 29.917427 -0.026694 0.998372 0.050402 10.769374 0.993695 0.031994 -0.107455 -98.116358
-0.110057 0.045897 -0.992865 30.058506 -0.027824 0.998400 0.049237 10.950272 0.993536 0.033044 -0.108603 -99.904969
-0.111122 0.045853 -0.992748 30.182893 -0.029002 0.998360 0.049358 11.151658 0.993383 0.034277 -0.109610 -101.623779
-0.111797 0.047122 -0.992613 30.385034 -0.033119 0.998143 0.051115 11.777463 0.993179 0.038589 -0.110029 -103.238811
-0.115604 0.049295 -0.992071 31.012170 -0.032535 0.998044 0.053383 11.710844 0.992762 0.038448 -0.113774 -104.898935
-0.118728 0.050284 -0.991653 31.427243 -0.032660 0.997979 0.054516 11.770580 0.992390 0.038860 -0.116845 -106.472663
-0.124295 0.056168 -0.990654 32.286345 -0.034410 0.997552 0.060876 12.043405 0.991648 0.041655 -0.122058 -107.937789
-0.128680 0.053701 -0.990231 32.753544 -0.035810 0.997630 0.058756 12.267739 0.991039 0.043021 -0.126452 -109.723440
-0.132418 0.052434 -0.989806 33.186738 -0.037189 0.997634 0.057824 12.469134 0.990496 0.044467 -0.130155 -111.364918
-0.129084 0.054298 -0.990146 32.311027 -0.036599 0.997559 0.059476 12.519278 0.990958 0.043915 -0.126782 -113.982950
-0.133202 0.053882 -0.989623 32.671294 -0.035638 0.997615 0.059114 12.465086 0.990448 0.043142 -0.130964 -116.027870
-0.138948 0.074425 -0.987499 33.775542 -0.031245 0.996346 0.079489 11.830591 0.989807 0.041899 -0.136115 -117.408200
-0.138950 0.081901 -0.986907 33.023937 -0.030658 0.995741 0.086951 11.996509 0.989825 0.042338 -0.135847 -121.372144
-0.144299 0.088315 -0.985585 33.904701 -0.029566 0.995180 0.093504 11.872561 0.989092 0.042633 -0.140992 -122.968467
-0.154197 0.096223 -0.983343 34.888473 -0.029850 0.994339 0.101980 12.247010 0.987589 0.045078 -0.150451 -126.933396
-0.164978 0.098476 -0.981369 36.313206 -0.028036 0.994133 0.104470 12.021390 0.985899 0.044749 -0.161249 -130.266600
-0.171027 0.098937 -0.980286 37.196776 -0.026308 0.994132 0.104924 11.697717 0.984915 0.043734 -0.167421 -132.218043
-0.176253 0.097412 -0.979513 37.756357 -0.026294 0.994270 0.103611 11.705770 0.983994 0.044018 -0.172682 -134.302947
-0.180897 0.101362 -0.978265 38.330541 -0.025462 0.993859 0.107686 11.638901 0.983172 0.044389 -0.177205 -136.291335
-0.185532 0.096924 -0.977846 38.838309 -0.025184 0.994328 0.103336 11.619135 0.982315 0.043798 -0.182039 -138.262546
-0.191794 0.095868 -0.976742 39.966833 -0.024499 0.994440 0.102416 11.491006 0.981129 0.043572 -0.188379 -139.686379
-0.194649 0.098332 -0.975932 40.190144 -0.024605 0.994160 0.105076 11.499051 0.980564 0.044465 -0.191093 -141.924302
-0.200041 0.110253 -0.973565 41.240795 -0.023455 0.992825 0.117253 11.349439 0.979507 0.046290 -0.196020 -143.434017
-0.203791 0.110654 -0.972741 41.876160 -0.023155 0.992769 0.117783 11.311924 0.978741 0.046527 -0.199755 -145.249631
-0.206447 0.104992 -0.972808 42.201819 -0.023789 0.993394 0.112263 11.408194 0.978169 0.046318 -0.202585 -147.203005
-0.207825 0.108048 -0.972180 42.267026 -0.023122 0.993060 0.115311 11.341409 0.977893 0.046443 -0.203884 -149.430061
-0.218099 0.115066 -0.969119 44.432635 -0.022380 0.992174 0.122840 11.266438 0.975670 0.048481 -0.213817 -150.630919
-0.226740 0.123211 -0.966130 46.526342 -0.020324 0.991151 0.131171 10.925688 0.973743 0.049377 -0.222230 -153.349967
-0.231843 0.124793 -0.964715 47.479856 -0.019280 0.990953 0.132820 10.719248 0.972562 0.049393 -0.227340 -155.634960
-0.237002 0.124793 -0.963461 48.347597 -0.018372 0.990963 0.132874 10.513977 0.971336 0.049192 -0.232567 -157.214994
-0.240681 0.125428 -0.962466 48.820156 -0.017947 0.990870 0.133618 10.506238 0.970438 0.049433 -0.236233 -158.942919
-0.245705 0.124922 -0.961261 49.731335 -0.017850 0.990910 0.133338 10.525940 0.969180 0.049921 -0.241241 -160.750905
-0.250277 0.118946 -0.960840 50.443022 -0.021387 0.991503 0.128312 11.430969 0.967938 0.052663 -0.245607 -162.570157
-0.254742 0.117977 -0.959785 51.187359 -0.021435 0.991597 0.127576 11.395344 0.966771 0.053072 -0.250072 -163.833418
-0.258679 0.119161 -0.958585 51.892390 -0.020956 0.991436 0.128900 11.383510 0.965736 0.053432 -0.253966 -165.626287
-0.263159 0.113096 -0.958100 52.661249 -0.022637 0.992108 0.123327 11.924052 0.964487 0.054143 -0.258522 -167.138513
-0.267621 0.109941 -0.957231 53.509464 -0.023169 0.992447 0.120463 12.205212 0.963246 0.054417 -0.263053 -168.890382
-0.270324 0.111262 -0.956319 53.878930 -0.022132 0.992319 0.121706 12.061601 0.962515 0.054065 -0.265785 -170.403344
-0.273454 0.111088 -0.955449 54.412593 -0.020994 0.992383 0.121391 11.820798 0.961656 0.053253 -0.269039 -172.138134
-0.275646 0.109825 -0.954965 54.528842 -0.021400 0.992505 0.120319 11.867647 0.961021 0.053601 -0.271229 -173.224199
-0.279093 0.109392 -0.954013 55.107539 -0.021307 0.992540 0.120043 11.903422 0.960028 0.053831 -0.274681 -175.064574
-0.284245 0.111511 -0.952245 56.204317 -0.020255 0.992293 0.122247 11.679967 0.958538 0.054036 -0.279796 -176.595236
-0.287355 0.112939 -0.951142 56.778385 -0.020599 0.992066 0.124021 11.791520 0.957603 0.055231 -0.282749 -178.303371
-0.289844 0.110761 -0.950643 57.165228 -0.022924 0.992192 0.122592 12.385891 0.956799 0.057325 -0.285042 -179.603789
-0.291792 0.107425 -0.950430 57.344966 -0.024873 0.992485 0.119814 12.881580 0.956158 0.058601 -0.286927 -181.464662
-0.293926 0.105821 -0.949952 57.651051 -0.024898 0.992668 0.118284 12.977097 0.955504 0.058419 -0.289136 -183.322566
-0.298193 0.105324 -0.948677 58.693597 -0.024466 0.992723 0.117905 13.153040 0.954192 0.058369 -0.293446 -184.892172
-0.300624 0.104111 -0.948043 59.063037 -0.022658 0.992964 0.116228 12.808479 0.953474 0.056421 -0.296150 -186.702579
-0.304150 0.100341 -0.947325 59.760799 -0.023338 0.993354 0.112709 13.073410 0.952338 0.056389 -0.299787 -188.117797
-0.306545 0.096443 -0.946958 60.061980 -0.023403 0.993789 0.108788 13.111302 0.951569 0.055510 -0.302384 -189.711834
-0.312107 0.096467 -0.945137 61.364462 -0.023767 0.993727 0.109275 13.272251 0.949750 0.056568 -0.307856 -191.596086
-0.315395 0.095054 -0.944188 61.993459 -0.025234 0.993779 0.108476 13.646118 0.948625 0.058038 -0.311034 -193.399566
-0.318067 0.094127 -0.943384 62.365905 -0.026453 0.993791 0.108075 13.918347 0.947699 0.059330 -0.313602 -194.789211
-0.322811 0.094209 -0.941763 63.490417 -0.026911 0.993718 0.108631 14.089124 0.946081 0.060411 -0.318247 -196.510213
-0.327508 0.088425 -0.940701 64.540168 -0.030338 0.994114 0.104008 15.117736 0.944361 0.062603 -0.322898 -198.150781
-0.331495 0.087896 -0.939354 65.445886 -0.029678 0.994187 0.103500 15.039200 0.942990 0.062188 -0.326960 -200.007051
-0.336831 0.085582 -0.937668 66.836147 -0.031312 0.994292 0.101998 15.623888 0.941044 0.063716 -0.332229 -201.613863
-0.338004 0.083002 -0.937477 66.776035 -0.032411 0.994486 0.099736 15.915525 0.940586 0.064096 -0.333450 -202.610727
-0.340610 0.083762 -0.936466 67.333400 -0.033507 0.994310 0.101123 16.249043 0.939607 0.065822 -0.335865 -204.260467
-0.342969 0.084091 -0.935575 67.794280 -0.035370 0.994122 0.102320 16.768139 0.938680 0.068184 -0.337979 -205.707977
-0.345304 0.082428 -0.934864 68.232683 -0.037033 0.994163 0.101335 17.317926 0.937760 0.069612 -0.340235 -207.301051
-0.347894 0.081752 -0.933963 68.818052 -0.037131 0.994208 0.100857 17.431500 0.936798 0.069767 -0.342843 -209.062763
-0.349027 0.080307 -0.933665 68.870097 -0.037983 0.994290 0.099721 17.705716 0.936343 0.070269 -0.343983 -210.958158
-0.351519 0.076976 -0.933011 69.396133 -0.039475 0.994509 0.096922 18.242377 0.935348 0.070901 -0.346550 -212.551191
-0.355451 0.076976 -0.931520 70.460337 -0.038386 0.994560 0.096833 18.053922 0.933906 0.070176 -0.350563 -214.477107
-0.358696 0.075816 -0.930370 71.289114 -0.037214 0.994742 0.095409 17.715488 0.932712 0.068845 -0.353989 -216.317130
-0.363168 0.075475 -0.928662 72.506299 -0.037213 0.994743 0.095398 17.834278 0.930980 0.069204 -0.358450 -218.165811
-0.366087 0.075196 -0.927537 73.268460 -0.039406 0.994583 0.096184 18.532049 0.929746 0.071762 -0.361141 -220.061332
-0.368652 0.074749 -0.926557 73.877885 -0.040889 0.994493 0.096498 18.949008 0.928668 0.073461 -0.363565 -222.008437
-0.368601 0.073472 -0.926680 73.466843 -0.041705 0.994561 0.095443 19.155106 0.928652 0.073827 -0.363532 -223.974313
-0.372630 0.070820 -0.925274 74.487874 -0.042379 0.994745 0.093204 19.370073 0.927012 0.073943 -0.367670 -225.532431
-0.376599 0.070235 -0.923710 75.584468 -0.042179 0.994788 0.092836 19.300144 0.925416 0.073923 -0.371673 -227.449045
-0.380197 0.068247 -0.922384 76.474709 -0.043668 0.994837 0.091608 19.737996 0.923874 0.075108 -0.375254 -229.157798
-0.382772 0.067904 -0.921344 76.983738 -0.042519 0.994944 0.090992 19.370609 0.922864 0.074003 -0.377949 -230.829690
-0.387636 0.065407 -0.919489 78.311742 -0.044841 0.994961 0.089679 20.110613 0.920721 0.075993 -0.382750 -232.597882
-0.390888 0.062152 -0.918337 78.974689 -0.045957 0.995155 0.086913 20.346354 0.919290 0.076177 -0.386138 -234.130243
-0.394353 0.060254 -0.916981 79.807722 -0.046335 0.995275 0.085325 20.455262 0.917790 0.076136 -0.389698 -235.905252
-0.398150 0.059579 -0.915383 80.776148 -0.047103 0.995244 0.085264 20.772571 0.916110 0.077065 -0.393450 -237.519614
-0.401965 0.059151 -0.913743 81.795417 -0.047481 0.995222 0.085313 20.949210 0.914423 0.077678 -0.397236 -239.380711
-0.405541 0.058983 -0.912172 82.773379 -0.048024 0.995163 0.085701 21.164463 0.912814 0.078562 -0.400747 -241.185846
-0.408470 0.056695 -0.911009 83.454414 -0.048383 0.995321 0.083636 21.255259 0.911489 0.078240 -0.403815 -242.971450
-0.414706 0.056033 -0.908229 85.487869 -0.049398 0.995244 0.083957 21.743649 0.908614 0.079682 -0.409966 -245.074013
-0.415137 0.054996 -0.908095 85.209302 -0.049695 0.995310 0.082996 21.781862 0.908401 0.079583 -0.410457 -246.816728
-0.422362 0.058059 -0.904566 87.717370 -0.047725 0.995138 0.086156 21.431120 0.905170 0.079560 -0.417537 -248.763335
-0.425930 0.058769 -0.902846 88.727482 -0.046825 0.995119 0.086865 21.326596 0.903544 0.079274 -0.421099 -250.709220
-0.429795 0.058673 -0.901018 89.907469 -0.047504 0.995035 0.087455 21.667078 0.901676 0.080389 -0.424874 -252.711415
-0.432319 0.060528 -0.899687 90.633711 -0.045296 0.995027 0.088708 21.121743 0.900582 0.079102 -0.427428 -254.666852
-0.442298 0.055463 -0.895152 94.046021 -0.048510 0.995146 0.085628 22.283937 0.895555 0.081297 -0.437460 -255.817218
-0.445799 0.055965 -0.893382 95.119997 -0.048565 0.995061 0.086568 22.409051 0.893815 0.081979 -0.440879 -257.698862
-0.448822 0.055207 -0.891914 95.938002 -0.048701 0.995095 0.086101 22.496709 0.892293 0.082081 -0.443932 -259.389389
-0.452982 0.054155 -0.889873 97.259228 -0.048678 0.995162 0.085342 22.502975 0.890190 0.081976 -0.448154 -261.355769
-0.456734 0.056084 -0.887833 98.450670 -0.047518 0.995048 0.087302 22.332519 0.888333 0.082062 -0.451808 -263.356658
-0.459971 0.055229 -0.886215 99.413566 -0.047184 0.995133 0.086507 22.226034 0.886680 0.081606 -0.455126 -265.214156
-0.462337 0.052998 -0.885119 100.085671 -0.047606 0.995289 0.084461 22.301253 0.885425 0.081187 -0.457636 -267.163568
-0.465286 0.053539 -0.883540 101.002826 -0.047402 0.995230 0.085270 22.293060 0.883890 0.081557 -0.460529 -268.978121
-0.467413 0.054417 -0.882363 101.682260 -0.048326 0.995039 0.086965 22.727769 0.882717 0.083290 -0.462464 -270.929890
-0.469261 0.054620 -0.881369 102.221664 -0.048541 0.994981 0.087505 22.835210 0.881724 0.083845 -0.464254 -272.908622
-0.472066 0.055353 -0.879824 103.218922 -0.048900 0.994846 0.088827 23.062088 0.880206 0.084956 -0.466926 -274.973981
-0.473373 0.060321 -0.878794 103.551819 -0.048354 0.994369 0.094301 23.342701 0.879534 0.087133 -0.467791 -277.689208
-0.474999 0.061215 -0.877854 103.963814 -0.047450 0.994345 0.095013 23.077329 0.878706 0.086785 -0.469408 -280.337142
-0.474814 0.057128 -0.878230 103.615691 -0.050253 0.994503 0.091861 23.787884 0.878650 0.087751 -0.469333 -280.951941
-0.477224 0.056747 -0.876948 104.428531 -0.049419 0.994601 0.091253 23.560161 0.877391 0.086886 -0.471843 -283.166808
-0.476861 0.058062 -0.877059 104.100945 -0.048004 0.994606 0.091944 23.350342 0.877667 0.085947 -0.471502 -285.737404
-0.469236 0.058997 -0.881100 100.997038 -0.049050 0.994484 0.092712 23.763560 0.881710 0.086722 -0.463754 -287.662279
-0.465867 0.041507 -0.883881 98.982397 -0.055528 0.995559 0.076019 24.726199 0.883111 0.084494 -0.461493 -291.303419
-0.462064 0.020742 -0.886604 96.842855 -0.064041 0.996336 0.056685 26.152253 0.884531 0.082971 -0.459042 -294.827855
-0.458176 0.007917 -0.888826 94.632118 -0.066393 0.996862 0.043104 25.905052 0.886378 0.078761 -0.456213 -299.055924
-0.451087 0.034600 -0.891809 91.860340 -0.057361 0.996058 0.067658 24.649770 0.890635 0.081675 -0.447324 -300.981934
-0.445509 0.045873 -0.894101 89.663046 -0.054061 0.995486 0.078013 24.285084 0.893643 0.083092 -0.441018 -302.655860
